            Cmp_Short  Cmp_percent_Short   Sh_Blocks     Sh_SCA     Sh_GCA  Sh_per_90_Standard  SoT_per_90_Standard  SoT_percent_Standard  G_per_Sh_Standard  G_per_SoT_Standard  xG_Expected  npxG_per_Sh_Expected  G_minus_xG_Expected  np:G_minus_xG_Expected         PrgP  Final_Third  Final_Third_Carries  CPA_Carries  Tkl_Tackles  TklW_Tackles     Tkl+Int        Recov
Cluster                                                                                                                                                                                                                                                                                                                                                                         
0         4606.050000          85.665000  125.000000  39.450000   5.750000           10.469000             3.132500             29.925000           0.077500            0.263500    37.435000              0.090000            -3.685000               -4.050000  1042.350000   845.150000           340.800000   111.150000   633.550000    381.450000  937.000000  1424.850000
1         6367.555556          88.255556  123.444444  58.333333   8.888889           13.615556             4.808889             35.366667           0.112222            0.312222    61.033333              0.115556            -1.477778               -1.622222  1434.666667  1116.333333           466.111111   199.111111   654.111111    396.777778  986.777778  1673.111111
2        10480.000000          92.900000   84.333333  65.333333  11.000000           17.306667             6.496667             37.366667           0.125000            0.335000    81.283333              0.121667             5.050000                4.483333  2051.333333  1840.166667           694.833333   323.333333   564.666667    344.500000  828.500000  1598.500000
3         6973.750000          89.616667  131.250000  48.500000   5.916667           11.675833             3.715000             31.833333           0.083333            0.267500    43.000000              0.095000            -3.666667               -3.666667  1278.166667  1070.333333           424.916667   157.083333   675.833333    409.166667  994.666667  1567.166667
4         5321.750000          87.683333  142.500000  44.916667   5.916667           10.724167             3.359167             31.275000           0.090000            0.285000    38.258333              0.092500            -0.675000               -0.583333  1114.250000   902.000000           371.666667   120.916667   547.916667    329.333333  848.083333  1411.833333
5         8863.000000          91.650000  101.500000  64.500000  11.500000           14.775000             5.015000             34.000000           0.125000            0.375000    61.900000              0.110000            11.100000               11.450000  1711.000000  1481.500000           531.000000   168.000000   450.000000    273.500000  680.500000  1451.500000
6         7763.411765          90.811765   99.647059  59.823529   9.294118           13.322941             4.627059             34.782353           0.110588            0.319412    57.205882              0.108235             2.500000                2.423529  1596.470588  1351.588235           532.470588   206.117647   570.000000    345.000000  842.058824  1499.823529
7         5139.333333          87.266667  129.000000  48.666667   9.333333           11.723333             4.313333             36.833333           0.113333            0.310000    43.966667              0.100000             8.033333                7.733333  1101.666667   902.333333           360.666667   147.000000   670.333333    416.000000  999.666667  1517.000000
8         7319.000000          90.140000  128.800000  58.600000   7.400000           13.496000             4.462000             33.120000           0.118000            0.354000    60.680000              0.116000             3.120000                3.400000  1576.000000  1216.600000           506.200000   242.400000   629.600000    380.200000  897.200000  1538.400000
9         5912.500000          87.910000  130.800000  46.800000   8.200000           12.075000             4.229000             35.100000           0.118000            0.334000    47.760000              0.109000             4.040000                4.350000  1253.800000   996.200000           375.400000   140.600000   539.800000    322.800000  842.300000  1434.700000